197.000000
194.000000
194.000000
195.000000
195.000000
197.000000
194.000000
195.000000
195.000000
194.000000
194.000000
195.000000
195.000000
193.000000
196.000000
193.000000
194.000000
198.000000
195.000000
195.000000
196.000000
194.000000
194.000000
196.000000
194.000000
194.000000
196.000000
195.000000
196.000000
195.000000
573.000000
592.000000
707.000000
633.000000
917.000000
1161.000000
674.000000
667.000000
875.000000
673.000000
769.000000
983.000000
657.000000
919.000000
565.000000
946.000000
573.000000
685.000000
741.000000
436.000000
568.000000
573.000000
685.000000
211.000000
193.000000
190.000000
209.000000
213.000000
197.000000
200.000000
196.000000
197.000000
194.000000
194.000000
1225.000000
596.000000
1181.000000
781.000000
1080.000000
998.000000
917.000000
1080.000000
620.000000
706.000000
616.000000
617.000000
961.000000
653.000000
670.000000
1131.000000
728.000000
673.000000
762.000000
667.000000
687.000000
760.000000
946.000000
671.000000
667.000000
726.000000
1143.000000
232.000000
195.000000
194.000000
193.000000
188.000000
1470.000000
743.000000
860.000000
882.000000
1166.000000
950.000000
1630.000000
1384.000000
1467.000000
1192.000000
1215.000000
1281.000000
1458.000000
885.000000
1067.000000
1633.000000
1546.000000
1407.000000
977.000000
1336.000000
1345.000000
1625.000000
1633.000000
817.000000
924.000000
536.000000
613.000000
411.000000
207.000000
196.000000
190.000000
188.000000
198.000000
164.000000
198.000000
1521.000000
760.000000
1521.000000
963.000000
832.000000
784.000000
1575.000000
1406.000000
834.000000
917.000000
917.000000
1069.000000
843.000000
774.000000
948.000000
1026.000000
858.000000
884.000000
1026.000000
989.000000
878.000000
930.000000
878.000000
1097.000000
967.000000
777.000000
1310.000000
665.000000
668.000000
689.000000
518.000000
617.000000
216.000000
95.000000
195.000000
223.000000
817.000000
1236.000000
980.000000
1547.000000
938.000000
1564.000000
1152.000000
959.000000
1834.000000
1677.000000
961.000000
1042.000000
1000.000000
1250.000000
1423.000000
1089.000000
1480.000000
1764.000000
1119.000000
905.000000
878.000000
1038.000000
1011.000000
1038.000000
1817.000000
914.000000
531.000000
306.000000
533.000000
202.000000
194.000000
184.000000
196.000000
200.000000
1633.000000
1054.000000
943.000000
1524.000000
1113.000000
931.000000
932.000000
1404.000000
1060.000000
988.000000
942.000000
944.000000
1131.000000
1404.000000
1521.000000
1679.000000
944.000000
1002.000000
1495.000000
1336.000000
1076.000000
1551.000000
938.000000
1643.000000
1336.000000
1285.000000
626.000000
204.000000
893.000000
1155.000000
894.000000
420.000000
185.000000
193.000000
298.000000
1575.000000
963.000000
963.000000
1026.000000
942.000000
818.000000
947.000000
949.000000
860.000000
868.000000
900.000000
1347.000000
1423.000000
1260.000000
1275.000000
1439.000000
1518.000000
1439.000000
1518.000000
802.000000
803.000000
887.000000
919.000000
970.000000
936.000000
1002.000000
815.000000
807.000000
809.000000
755.000000
972.000000
797.000000
848.000000
804.000000
804.000000
966.000000
1503.000000
208.000000
213.000000
323.000000
322.000000
215.000000
213.000000
203.000000
199.000000
195.000000
200.000000
194.000000
196.000000
200.000000
193.000000
196.000000
195.000000
195.000000
197.000000
196.000000
195.000000
197.000000
194.000000
198.000000
194.000000
196.000000
196.000000
197.000000
193.000000
196.000000
193.000000
192.000000
195.000000
1378.000000
694.000000
887.000000
872.000000
740.000000
844.000000
1420.000000
795.000000
706.000000
752.000000
706.000000
877.000000
928.000000
1367.000000
608.000000
1199.000000
872.000000
877.000000
841.000000
1042.000000
1378.000000
1065.000000
464.000000
326.000000
540.000000
865.000000
645.000000
539.000000
467.000000
200.000000
192.000000
198.000000
199.000000
1042.000000
878.000000
802.000000
936.000000
795.000000
1341.000000
1250.000000
889.000000
1145.000000
1096.000000
1178.000000
1341.000000
755.000000
872.000000
993.000000
784.000000
822.000000
689.000000
963.000000
932.000000
875.000000
763.000000
1154.000000
700.000000
711.000000
873.000000
474.000000
711.000000
236.000000
199.000000
181.000000
187.000000
203.000000
204.000000
649.000000
873.000000
708.000000
752.000000
794.000000
711.000000
1250.000000
952.000000
1163.000000
1336.000000
710.000000
848.000000
701.000000
766.000000
792.000000
873.000000
1211.000000
658.000000
811.000000
752.000000
813.000000
1326.000000
440.000000
708.000000
1331.000000
225.000000
215.000000
198.000000
213.000000
205.000000
219.000000
194.000000
187.000000
668.000000
692.000000
1378.000000
782.000000
769.000000
726.000000
769.000000
729.000000
936.000000
763.000000
723.000000
1076.000000
1255.000000
938.000000
873.000000
873.000000
788.000000
1103.000000
1139.000000
757.000000
774.000000
788.000000
675.000000
792.000000
934.000000
1336.000000
520.000000
222.000000
188.000000
207.000000
197.000000
198.000000
1336.000000
1253.000000
632.000000
1257.000000
1258.000000
1260.000000
1260.000000
627.000000
716.000000
667.000000
714.000000
714.000000
802.000000
621.000000
613.000000
765.000000
770.000000
732.000000
1246.000000
1245.000000
725.000000
784.000000
244.000000
182.000000
209.000000
520.000000
739.000000
210.000000
208.000000
203.000000
196.000000
190.000000
613.000000
630.000000
1260.000000
1257.000000
1260.000000
1096.000000
1014.000000
931.000000
996.000000
1014.000000
1096.000000
1178.000000
1178.000000
675.000000
668.000000
614.000000
727.000000
624.000000
1172.000000
747.000000
1215.000000
1250.000000
743.000000
745.000000
1050.000000
1166.000000
1158.000000
711.000000
244.000000
735.000000
184.000000
185.000000
201.000000
208.000000
218.000000
196.000000
588.000000
1019.000000
630.000000
671.000000
658.000000
795.000000
656.000000
738.000000
795.000000
673.000000
622.000000
1161.000000
898.000000
671.000000
898.000000
1158.000000
708.000000
703.000000
854.000000
562.000000
747.000000
693.000000
733.000000
760.000000
1039.000000
930.000000
707.000000
685.000000
1156.000000
226.000000
415.000000
624.000000
685.000000
210.000000
196.000000
193.000000
193.000000
196.000000
193.000000
193.000000
193.000000
193.000000
194.000000
195.000000
193.000000
195.000000
194.000000
193.000000
195.000000
193.000000
196.000000
192.000000
193.000000
196.000000
194.000000
193.000000
194.000000
193.000000
195.000000
194.000000
197.000000
195.000000
195.000000
196.000000
195.000000
192.000000
181.000000
185.000000
195.000000
214.000000
195.000000
193.000000
195.000000
195.000000
195.000000
196.000000
194.000000
195.000000
193.000000
2005.000000
193.000000
193.000000
193.000000
196.000000
199.000000
