132.000000
130.000000
131.000000
131.000000
131.000000
132.000000
131.000000
131.000000
131.000000
131.000000
131.000000
130.000000
131.000000
131.000000
131.000000
131.000000
131.000000
131.000000
131.000000
131.000000
131.000000
132.000000
131.000000
132.000000
131.000000
131.000000
131.000000
131.000000
131.000000
131.000000
131.000000
131.000000
131.000000
131.000000
131.000000
131.000000
131.000000
131.000000
131.000000
131.000000
131.000000
131.000000
131.000000
131.000000
131.000000
131.000000
131.000000
131.000000
132.000000
131.000000
132.000000
131.000000
131.000000
131.000000
131.000000
131.000000
131.000000
131.000000
131.000000
131.000000
131.000000
235.000000
131.000000
231.000000
131.000000
233.000000
131.000000
142.000000
147.000000
147.000000
146.000000
147.000000
147.000000
145.000000
147.000000
147.000000
147.000000
148.000000
145.000000
147.000000
147.000000
146.000000
147.000000
147.000000
146.000000
148.000000
147.000000
146.000000
149.000000
145.000000
147.000000
147.000000
147.000000
147.000000
147.000000
147.000000
148.000000
146.000000
146.000000
149.000000
146.000000
148.000000
147.000000
146.000000
147.000000
148.000000
146.000000
148.000000
146.000000
146.000000
148.000000
146.000000
147.000000
147.000000
146.000000
147.000000
147.000000
146.000000
147.000000
146.000000
146.000000
147.000000
146.000000
147.000000
147.000000
308.000000
147.000000
147.000000
146.000000
148.000000
146.000000
147.000000
148.000000
292.000000
152.000000
169.000000
165.000000
165.000000
168.000000
163.000000
166.000000
164.000000
164.000000
165.000000
163.000000
169.000000
164.000000
168.000000
166.000000
163.000000
165.000000
163.000000
165.000000
167.000000
163.000000
169.000000
163.000000
166.000000
164.000000
166.000000
167.000000
163.000000
168.000000
165.000000
168.000000
165.000000
163.000000
169.000000
165.000000
166.000000
165.000000
165.000000
167.000000
165.000000
166.000000
164.000000
165.000000
167.000000
163.000000
168.000000
163.000000
166.000000
167.000000
164.000000
168.000000
163.000000
166.000000
166.000000
165.000000
166.000000
164.000000
166.000000
166.000000
164.000000
168.000000
165.000000
168.000000
164.000000
165.000000
168.000000
163.000000
167.000000
164.000000
168.000000
166.000000
164.000000
176.000000
176.000000
178.000000
174.000000
174.000000
174.000000
176.000000
174.000000
172.000000
175.000000
176.000000
176.000000
174.000000
174.000000
175.000000
176.000000
174.000000
174.000000
174.000000
176.000000
175.000000
174.000000
174.000000
176.000000
174.000000
175.000000
174.000000
175.000000
176.000000
176.000000
176.000000
174.000000
175.000000
175.000000
174.000000
174.000000
174.000000
176.000000
175.000000
176.000000
174.000000
175.000000
175.000000
175.000000
174.000000
174.000000
176.000000
174.000000
175.000000
174.000000
175.000000
174.000000
174.000000
174.000000
175.000000
175.000000
175.000000
175.000000
174.000000
174.000000
175.000000
174.000000
174.000000
174.000000
175.000000
175.000000
175.000000
175.000000
174.000000
170.000000
193.000000
198.000000
197.000000
199.000000
197.000000
199.000000
195.000000
196.000000
196.000000
196.000000
194.000000
197.000000
196.000000
197.000000
196.000000
197.000000
196.000000
196.000000
195.000000
197.000000
197.000000
196.000000
196.000000
196.000000
198.000000
195.000000
196.000000
195.000000
198.000000
195.000000
197.000000
195.000000
198.000000
196.000000
196.000000
194.000000
198.000000
197.000000
196.000000
195.000000
197.000000
197.000000
196.000000
195.000000
197.000000
197.000000
195.000000
195.000000
197.000000
197.000000
195.000000
195.000000
197.000000
196.000000
196.000000
195.000000
195.000000
198.000000
195.000000
195.000000
195.000000
198.000000
195.000000
196.000000
195.000000
198.000000
195.000000
195.000000
195.000000
197.000000
196.000000
196.000000
195.000000
219.000000
222.000000
221.000000
221.000000
217.000000
222.000000
222.000000
218.000000
219.000000
222.000000
222.000000
218.000000
222.000000
222.000000
219.000000
218.000000
222.000000
222.000000
218.000000
221.000000
219.000000
222.000000
218.000000
222.000000
221.000000
219.000000
218.000000
222.000000
221.000000
219.000000
221.000000
221.000000
221.000000
218.000000
221.000000
222.000000
221.000000
218.000000
222.000000
220.000000
218.000000
221.000000
221.000000
221.000000
218.000000
221.000000
221.000000
221.000000
218.000000
222.000000
221.000000
219.000000
221.000000
222.000000
221.000000
218.000000
221.000000
222.000000
219.000000
219.000000
221.000000
221.000000
217.000000
219.000000
221.000000
221.000000
218.000000
221.000000
221.000000
219.000000
227.000000
246.000000
246.000000
249.000000
248.000000
246.000000
248.000000
248.000000
248.000000
246.000000
251.000000
246.000000
246.000000
248.000000
246.000000
246.000000
248.000000
246.000000
246.000000
248.000000
248.000000
246.000000
246.000000
248.000000
246.000000
245.000000
248.000000
246.000000
246.000000
248.000000
248.000000
246.000000
247.000000
246.000000
246.000000
246.000000
248.000000
246.000000
246.000000
248.000000
248.000000
246.000000
247.000000
248.000000
247.000000
247.000000
248.000000
246.000000
246.000000
248.000000
246.000000
248.000000
247.000000
247.000000
247.000000
246.000000
248.000000
246.000000
246.000000
248.000000
246.000000
246.000000
248.000000
246.000000
246.000000
246.000000
248.000000
246.000000
245.000000
249.000000
246.000000
246.000000
248.000000
246.000000
248.000000
246.000000
248.000000
246.000000
246.000000
249.000000
246.000000
248.000000
248.000000
246.000000
248.000000
248.000000
264.000000
263.000000
262.000000
263.000000
261.000000
263.000000
261.000000
263.000000
262.000000
261.000000
263.000000
263.000000
261.000000
261.000000
261.000000
262.000000
262.000000
263.000000
262.000000
262.000000
263.000000
261.000000
261.000000
261.000000
261.000000
261.000000
262.000000
263.000000
262.000000
263.000000
262.000000
261.000000
262.000000
262.000000
261.000000
262.000000
262.000000
261.000000
261.000000
262.000000
261.000000
261.000000
263.000000
261.000000
261.000000
263.000000
261.000000
263.000000
263.000000
261.000000
261.000000
261.000000
262.000000
263.000000
263.000000
261.000000
263.000000
263.000000
261.000000
261.000000
261.000000
261.000000
261.000000
262.000000
261.000000
263.000000
263.000000
260.000000
261.000000
263.000000
261.000000
261.000000
263.000000
261.000000
261.000000
263.000000
261.000000
261.000000
263.000000
263.000000
263.000000
264.000000
263.000000
263.000000
263.000000
263.000000
263.000000
263.000000
263.000000
263.000000
264.000000
263.000000
263.000000
263.000000
263.000000
263.000000
263.000000
263.000000
263.000000
263.000000
263.000000
263.000000
263.000000
263.000000
263.000000
263.000000
262.000000
263.000000
262.000000
262.000000
262.000000
263.000000
262.000000
263.000000
262.000000
262.000000
262.000000
262.000000
262.000000
262.000000
263.000000
262.000000
262.000000
262.000000
262.000000
262.000000
263.000000
262.000000
263.000000
262.000000
262.000000
261.000000
262.000000
262.000000
262.000000
262.000000
314.000000
262.000000
262.000000
261.000000
261.000000
262.000000
262.000000
263.000000
262.000000
264.000000
263.000000
261.000000
261.000000
263.000000
261.000000
263.000000
263.000000
262.000000
262.000000
262.000000
262.000000
263.000000
263.000000
262.000000
261.000000
261.000000
261.000000
262.000000
262.000000
262.000000
262.000000
263.000000
262.000000
263.000000
262.000000
262.000000
261.000000
262.000000
261.000000
261.000000
262.000000
262.000000
261.000000
263.000000
263.000000
261.000000
262.000000
262.000000
263.000000
262.000000
262.000000
261.000000
261.000000
261.000000
261.000000
262.000000
263.000000
262.000000
262.000000
262.000000
262.000000
261.000000
261.000000
261.000000
261.000000
261.000000
261.000000
261.000000
261.000000
261.000000
261.000000
261.000000
263.000000
261.000000
261.000000
261.000000
261.000000
261.000000
261.000000
261.000000
263.000000
263.000000
263.000000
263.000000
263.000000
263.000000
263.000000
263.000000
261.000000
263.000000
263.000000
262.000000
262.000000
263.000000
249.000000
248.000000
248.000000
246.000000
246.000000
246.000000
246.000000
248.000000
248.000000
246.000000
246.000000
246.000000
246.000000
246.000000
248.000000
247.000000
246.000000
246.000000
246.000000
248.000000
247.000000
246.000000
246.000000
247.000000
246.000000
247.000000
248.000000
248.000000
246.000000
247.000000
247.000000
247.000000
248.000000
246.000000
246.000000
248.000000
246.000000
246.000000
248.000000
246.000000
246.000000
248.000000
246.000000
247.000000
247.000000
246.000000
247.000000
247.000000
246.000000
246.000000
248.000000
246.000000
248.000000
247.000000
246.000000
246.000000
248.000000
246.000000
248.000000
246.000000
246.000000
248.000000
248.000000
246.000000
248.000000
246.000000
245.000000
246.000000
248.000000
246.000000
246.000000
248.000000
246.000000
246.000000
248.000000
248.000000
248.000000
248.000000
246.000000
247.000000
248.000000
246.000000
247.000000
248.000000
248.000000
248.000000
248.000000
248.000000
248.000000
248.000000
248.000000
248.000000
247.000000
224.000000
223.000000
220.000000
221.000000
219.000000
221.000000
219.000000
219.000000
222.000000
219.000000
221.000000
219.000000
221.000000
219.000000
219.000000
219.000000
219.000000
221.000000
221.000000
220.000000
221.000000
221.000000
221.000000
219.000000
219.000000
221.000000
221.000000
219.000000
221.000000
220.000000
221.000000
221.000000
219.000000
221.000000
219.000000
220.000000
219.000000
221.000000
219.000000
221.000000
219.000000
221.000000
220.000000
219.000000
221.000000
218.000000
220.000000
221.000000
220.000000
219.000000
219.000000
219.000000
219.000000
221.000000
221.000000
221.000000
218.000000
200.000000
194.000000
198.000000
195.000000
198.000000
193.000000
198.000000
195.000000
197.000000
196.000000
195.000000
198.000000
194.000000
197.000000
196.000000
198.000000
193.000000
197.000000
196.000000
197.000000
195.000000
196.000000
197.000000
194.000000
196.000000
195.000000
198.000000
194.000000
197.000000
197.000000
196.000000
195.000000
196.000000
198.000000
194.000000
196.000000
196.000000
198.000000
194.000000
197.000000
196.000000
196.000000
195.000000
195.000000
197.000000
195.000000
195.000000
196.000000
198.000000
195.000000
196.000000
196.000000
196.000000
195.000000
197.000000
197.000000
196.000000
195.000000
196.000000
197.000000
195.000000
196.000000
196.000000
197.000000
195.000000
196.000000
197.000000
195.000000
196.000000
196.000000
197.000000
198.000000
179.000000
175.000000
177.000000
175.000000
177.000000
176.000000
175.000000
176.000000
175.000000
175.000000
174.000000
176.000000
174.000000
175.000000
174.000000
176.000000
174.000000
176.000000
174.000000
176.000000
175.000000
176.000000
174.000000
175.000000
174.000000
176.000000
174.000000
174.000000
175.000000
175.000000
174.000000
174.000000
176.000000
175.000000
174.000000
174.000000
176.000000
176.000000
174.000000
174.000000
175.000000
175.000000
174.000000
174.000000
174.000000
174.000000
175.000000
173.000000
175.000000
175.000000
175.000000
174.000000
175.000000
175.000000
176.000000
174.000000
174.000000
175.000000
175.000000
175.000000
175.000000
176.000000
176.000000
175.000000
174.000000
176.000000
175.000000
165.000000
165.000000
168.000000
166.000000
165.000000
164.000000
166.000000
165.000000
166.000000
166.000000
164.000000
165.000000
166.000000
165.000000
165.000000
166.000000
166.000000
166.000000
165.000000
164.000000
165.000000
166.000000
166.000000
165.000000
166.000000
165.000000
166.000000
164.000000
165.000000
166.000000
166.000000
166.000000
165.000000
166.000000
165.000000
165.000000
165.000000
164.000000
166.000000
165.000000
166.000000
165.000000
165.000000
165.000000
165.000000
164.000000
165.000000
165.000000
166.000000
165.000000
165.000000
165.000000
166.000000
165.000000
165.000000
164.000000
165.000000
165.000000
165.000000
165.000000
165.000000
166.000000
165.000000
165.000000
164.000000
166.000000
165.000000
165.000000
166.000000
165.000000
165.000000
165.000000
165.000000
164.000000
165.000000
147.000000
147.000000
147.000000
147.000000
147.000000
147.000000
148.000000
147.000000
147.000000
146.000000
147.000000
148.000000
147.000000
148.000000
147.000000
147.000000
147.000000
147.000000
147.000000
146.000000
147.000000
147.000000
147.000000
147.000000
147.000000
147.000000
147.000000
147.000000
147.000000
147.000000
147.000000
147.000000
147.000000
147.000000
147.000000
147.000000
147.000000
147.000000
147.000000
147.000000
147.000000
147.000000
147.000000
147.000000
146.000000
147.000000
147.000000
147.000000
147.000000
147.000000
147.000000
147.000000
147.000000
147.000000
147.000000
147.000000
147.000000
147.000000
264.000000
147.000000
147.000000
147.000000
147.000000
147.000000
285.000000
147.000000
147.000000
277.000000
147.000000
300.000000
281.000000
129.000000
131.000000
263.000000
131.000000
132.000000
131.000000
131.000000
131.000000
131.000000
131.000000
132.000000
131.000000
132.000000
132.000000
129.000000
131.000000
131.000000
131.000000
132.000000
132.000000
131.000000
132.000000
132.000000
131.000000
132.000000
131.000000
132.000000
132.000000
131.000000
132.000000
132.000000
130.000000
132.000000
130.000000
131.000000
132.000000
131.000000
132.000000
132.000000
130.000000
132.000000
131.000000
130.000000
132.000000
131.000000
132.000000
132.000000
132.000000
131.000000
132.000000
130.000000
131.000000
131.000000
130.000000
132.000000
131.000000
130.000000
276.000000
130.000000
132.000000
132.000000
130.000000
235.000000
131.000000
130.000000
132.000000
130.000000
131.000000
238.000000
131.000000
237.000000
132.000000
131.000000
251.000000
132.000000
130.000000
132.000000
237.000000
131.000000
244.000000
300.000000
235.000000
132.000000
228.000000
132.000000
245.000000
130.000000
248.000000
130.000000
248.000000
131.000000
249.000000
267.000000
249.000000
271.000000
252.000000
261.000000
264.000000
259.000000
267.000000
256.000000
131.000000
256.000000
131.000000
252.000000
131.000000
253.000000
248.000000
248.000000
272.000000
251.000000
267.000000
255.000000
131.000000
258.000000
259.000000
258.000000
266.000000
258.000000
264.000000
256.000000
259.000000
261.000000
256.000000
261.000000
259.000000
260.000000
263.000000
131.000000
259.000000
263.000000
